0	0	0	0	0	0	0	0	0	0	1	1	1	1	1	1	1	1	1	1	2	2	2	2	2	2	2	2	2	2	3	3
0	0	0	0	0	0	0	0	0	0	1	1	1	1	1	1	1	1	1	1	2	2	2	2	2	2	2	2	2	2	3	3
0	0	0	0	0	0	0	0	0	0	1	1	1	1	1	1	1	1	1	1	2	2	2	2	2	2	2	2	2	2	3	3
0	0	0	0	0	0	0	0	0	0	1	1	1	1	1	1	1	1	1	1	2	2	2	2	2	2	2	2	2	2	3	3
0	0	0	0	0	0	0	0	0	0	1	1	1	1	1	1	1	1	1	1	2	2	2	2	2	2	2	2	2	2	3	3
0	0	0	0	0	0	0	0	0	0	1	1	1	1	1	1	1	1	1	1	2	2	2	2	2	2	2	2	2	2	3	3
0	0	0	0	0	0	0	0	0	0	1	1	1	1	1	1	1	1	1	1	2	2	2	2	2	2	2	2	2	2	3	3
0	0	0	0	0	0	0	0	0	0	1	1	1	1	1	1	1	1	1	1	2	2	2	2	2	2	2	2	2	2	3	3
0	0	0	0	0	0	0	5	5	5	1	1	1	1	1	1	1	4	4	4	2	2	2	2	2	2	2	3	3	3	3	3
0	0	0	0	0	0	5	5	5	5	1	1	1	1	1	1	4	4	4	4	2	2	2	2	2	2	3	3	3	3	3	3
6	6	6	5	5	5	5	5	5	5	5	5	5	4	4	4	4	4	4	4	4	4	4	3	3	3	3	3	3	3	3	3
6	6	6	5	5	5	5	5	5	5	5	5	5	4	4	4	4	4	4	4	4	4	4	3	3	3	3	3	3	3	3	3
6	6	6	5	5	5	5	5	5	5	5	5	5	4	4	4	4	4	4	4	4	4	4	4	3	3	3	3	3	3	3	3
6	6	6	5	5	5	5	5	5	5	5	5	5	4	4	4	4	4	4	4	4	4	4	4	3	3	3	3	3	3	3	3
6	6	6	5	5	5	5	5	5	5	5	5	5	5	4	4	4	4	4	4	4	4	4	4	3	3	3	3	3	3	3	3
6	6	6	5	5	5	5	5	5	5	5	5	5	5	4	4	4	4	4	4	4	4	4	4	3	3	3	3	3	3	3	3
6	6	6	6	5	5	5	5	5	5	5	5	5	5	4	4	4	4	4	4	4	4	4	4	3	3	3	3	3	3	3	3
6	6	6	6	5	5	5	5	5	5	5	5	5	5	4	4	4	4	4	4	4	4	4	4	3	3	3	3	3	3	3	3
6	6	6	6	6	6	6	6	6	7	7	7	5	5	7	7	7	7	7	8	8	8	4	4	8	8	8	8	8	9	9	9
6	6	6	6	6	6	6	6	6	7	7	7	5	5	7	7	7	7	7	8	8	8	4	4	8	8	8	8	8	9	9	9
6	6	6	6	6	6	6	6	6	7	7	7	7	7	7	7	7	7	7	8	8	8	8	8	8	8	8	8	8	9	9	9
6	6	6	6	6	6	6	6	6	7	7	7	7	7	7	7	7	7	7	8	8	8	8	8	8	8	8	8	8	9	9	9
6	6	6	6	6	6	6	6	6	7	7	7	7	7	7	7	7	7	7	8	8	8	8	8	8	8	8	9	9	9	9	9
6	6	6	6	6	6	6	6	6	7	7	7	7	7	7	7	7	7	7	8	8	8	8	8	8	8	8	9	9	9	9	9
6	6	6	6	6	6	6	7	7	7	7	7	7	7	7	7	7	8	8	8	8	8	8	8	8	8	8	9	9	9	9	9
6	6	6	6	6	6	7	7	7	7	7	7	7	7	7	7	7	8	8	8	8	8	8	8	8	8	8	9	9	9	9	9
10	10	10	10	10	10	10	10	7	7	7	7	7	7	7	7	8	8	8	8	8	8	8	8	8	8	8	9	9	9	9	9
10	10	10	10	10	10	10	10	7	7	7	7	7	7	7	7	8	8	8	8	8	8	8	8	8	8	9	9	9	9	9	9
10	10	10	10	10	10	10	10	10	10	10	10	10	10	10	10	10	10	10	10	9	9	9	9	9	9	9	9	9	9	9	9
10	10	10	10	10	10	10	10	10	10	10	10	10	10	10	10	10	10	10	10	9	9	9	9	9	9	9	9	9	9	9	9
10	10	10	10	10	10	10	10	10	10	10	10	10	10	10	10	10	10	10	9	9	9	9	9	9	9	9	9	9	9	9	9
10	10	10	10	10	10	10	10	10	10	10	10	10	10	10	10	10	10	10	9	9	9	9	9	9	9	9	9	9	9	9	9

0	0	0	0	0	0	0	0	0	0	1	1	1	1	1	1	1	1	2	2	2	2	2	2	2	2	2	2
0	0	0	0	0	0	0	0	0	0	1	1	1	1	1	1	1	1	2	2	2	2	2	2	2	2	2	2
0	0	0	0	0	0	0	0	0	0	1	1	1	1	1	1	1	1	2	2	2	2	2	2	2	2	2	3
0	0	0	0	0	0	0	0	0	1	1	1	1	1	1	1	1	1	2	2	2	2	2	2	2	2	3	3
0	0	0	0	0	0	0	0	1	1	1	1	1	1	1	1	1	1	2	2	2	2	2	2	2	2	3	3
0	0	0	0	0	0	0	0	1	1	1	1	1	1	1	1	1	1	2	2	2	2	2	2	2	2	3	3
0	0	0	0	0	0	0	0	1	1	1	1	1	1	1	1	1	2	2	2	2	2	2	2	2	2	3	3
0	0	0	0	0	0	0	0	1	1	1	1	1	1	1	1	1	2	2	2	2	2	2	2	2	2	3	3
6	6	5	5	5	5	5	5	5	5	5	4	4	4	4	4	4	4	4	4	3	3	3	3	3	3	3	3
6	6	5	5	5	5	5	5	5	5	5	4	4	4	4	4	4	4	4	4	3	3	3	3	3	3	3	3
6	6	6	5	5	5	5	5	5	5	5	4	4	4	4	4	4	4	4	4	3	3	3	3	3	3	3	3
6	6	6	5	5	5	5	5	5	5	5	5	4	4	4	4	4	4	4	4	3	3	3	3	3	3	3	3
6	6	6	5	5	5	5	5	5	5	5	5	4	4	4	4	4	4	4	4	4	3	3	3	3	3	3	3
6	6	6	5	5	5	5	5	5	5	5	5	4	4	4	4	4	4	4	4	4	3	3	3	3	3	3	3
6	6	6	5	5	5	5	5	5	5	5	5	4	4	4	4	4	4	4	4	4	3	3	3	3	3	3	3
6	6	6	5	5	5	5	5	5	5	5	5	4	4	4	4	4	4	4	4	4	3	3	3	3	3	3	3
6	6	6	6	6	6	6	6	6	6	6	6	6	7	7	7	7	8	8	8	8	8	8	8	8	8	9	9
6	6	6	6	6	6	6	6	6	6	6	6	7	7	7	7	7	8	8	8	8	8	8	8	8	8	9	9
6	6	6	6	6	6	6	6	6	6	6	6	7	7	7	7	7	8	8	8	8	8	8	8	8	8	9	9
6	6	6	6	6	6	6	6	6	6	6	6	7	7	7	7	7	8	8	8	8	8	8	8	8	8	9	9
10	10	10	10	10	10	10	10	7	7	7	7	7	7	7	7	7	8	8	8	8	8	8	8	8	8	9	9
10	10	10	10	10	10	10	10	7	7	7	7	7	7	7	7	7	8	8	8	8	8	8	8	8	8	9	9
10	10	10	10	10	10	10	10	7	7	7	7	7	7	7	7	7	8	8	8	8	8	8	8	8	8	9	9
10	10	10	10	10	10	10	10	7	7	7	7	7	7	7	7	7	8	8	8	8	8	8	8	8	9	9	9
10	10	10	10	10	10	10	10	7	7	7	7	7	7	7	7	9	9	9	9	9	9	9	9	9	9	9	9
10	10	10	10	10	10	10	10	7	7	7	7	7	7	7	7	9	9	9	9	9	9	9	9	9	9	9	9
10	10	10	10	10	10	10	10	10	10	10	10	10	9	9	9	9	9	9	9	9	9	9	9	9	9	9	9
10	10	10	10	10	10	10	10	10	10	10	10	10	9	9	9	9	9	9	9	9	9	9	9	9	9	9	9

0	0	0	0	0	1	1	1	1	2	2	2	2	2
0	0	0	0	1	1	1	1	1	2	2	2	2	3
0	0	0	0	1	1	1	1	2	2	2	2	3	3
0	0	0	0	1	1	1	1	2	2	2	2	3	3
6	5	5	5	5	4	4	4	4	4	3	3	3	3
6	5	5	5	5	5	4	4	4	4	3	3	3	3
6	6	5	5	5	5	4	4	4	4	3	3	3	3
6	6	5	5	5	5	4	4	4	4	3	3	3	3
6	6	6	6	6	6	7	7	8	8	8	8	8	9
6	6	6	6	6	7	7	7	8	8	8	8	8	9
10	10	10	6	7	7	7	7	8	8	8	8	9	9
10	10	10	10	7	7	7	7	8	8	8	8	9	9
10	10	10	10	10	7	7	7	9	9	9	9	9	9
10	10	10	10	10	10	7	7	9	9	9	9	9	9

0	0	0	0	0	1	1	1	1	2
0	0	0	0	1	1	1	1	1	2
4	4	3	3	3	3	2	2	2	2
4	4	3	3	3	3	3	2	2	2
4	4	4	4	6	6	6	6	6	7
5	4	4	4	6	6	6	6	7	7
5	5	9	9	8	8	8	8	7	7
5	5	9	9	8	8	8	8	7	7
5	5	9	9	8	8	8	8	8	7
5	5	9	9	9	8	8	8	8	7

0	0	1	1	2
4	4	3	3	2
5	5	6	6	7
0	1	9	9	7
0	10	10	8	8

0
0
0
0
0
0
0
0
0
0
1
1
1
1
1
1
1
1
1
1
2
2
2
2
2
2
2
2
2
2
3
3
3
3
3
3
3
3
3
3
4
4
4
4
4
4
4
4
4
4
5
5
5
5
5
5
5
5
5
5
6
6
6
6
6
6
6
6
6
6
7
7
7
7
7
7
7
7
7
7
8
8
8
8
8
8
8
8
8
8
9
9
9
9
9
9
9
9
9
9
10
10
10
10
10
10
10
10
10
10
0
1
2
3
4
5
6
7
8
9

0
0
0
0
0
0
0
1
1
1
1
1
1
1
2
2
2
2
2
2
2
3
3
3
3
3
3
3
4
4
4
4
4
4
4
5
5
5
5
5
5
5
6
6
6
6
6
6
6
7
7
7
7
7
7
7
8
8
8
8
8
8
8
9
9
9
9
9
9
9
10
10
10
10
10
10
10
0
1
2
3
4
5
6

7
8
9
10
0
1
2
3
4
5
