0	0	0	0	0	0	0	0	0	0	0	0	0	0	0	0
0	0	0	0	0	0	0	0	0	0	0	0	0	0	0	0
0	0	0	0	0	0	0	0	0	0	0	0	0	0	0	0
0	0	0	0	0	0	0	0	0	0	0	0	0	0	0	0
0	0	0	0	0	0	0	0	0	0	0	0	0	0	0	0
0	0	0	0	0	0	0	0	0	0	0	0	0	0	0	0
0	0	0	0	0	0	0	0	0	0	0	0	0	0	0	0
0	0	0	0	0	0	0	0	0	0	0	0	0	0	0	0
0	0	0	0	0	0	0	0	0	0	0	0	0	0	0	0
0	0	0	0	0	0	0	0	0	0	0	0	0	0	0	0
0	0	0	0	0	0	0	0	0	0	0	0	0	0	0	0
0	0	0	0	0	0	0	0	0	0	0	0	0	0	0	0
0	0	0	0	0	0	0	0	0	0	0	0	0	0	0	0
0	0	0	0	0	0	0	0	0	0	0	0	0	0	0	0
0	0	0	0	0	0	0	0	0	0	0	0	0	0	0	0
0	0	0	0	0	0	0	0	0	0	0	0	0	0	0	0

57	57	57	57	57	57	57	57	57	57	57	57	57	57
57	57	57	57	57	57	57	57	57	57	57	57	57	57
57	57	57	57	58	58	58	58	58	58	58	58	58	58
58	58	58	58	58	58	58	58	58	58	58	58	58	58
58	58	58	58	58	58	58	58	59	59	59	59	59	59
59	59	59	59	59	59	59	59	59	59	59	59	59	59
59	59	59	59	59	59	59	59	59	59	59	59	60	60
60	60	60	60	60	60	60	60	60	60	60	60	60	60
60	60	60	60	60	60	60	60	60	60	60	60	60	60
60	60	61	61	61	61	61	61	61	61	61	61	61	61
61	61	61	61	61	61	61	61	61	61	61	61	61	61
61	61	61	61	61	61	62	62	62	62	62	62	62	62
62	62	62	62	62	62	62	62	62	62	62	62	62	62
62	62	62	62	62	62	62	62	62	62	57	58	59	60

57	57	57	57	57	57	57
57	58	58	58	58	58	58
58	58	59	59	59	59	59
59	59	59	60	60	60	60
60	60	60	60	61	61	61
61	61	61	61	61	62	62
62	62	62	62	62	62	61

30	30	30	30	30
30	30	30	31	31
31	31	31	31	31
31	32	32	32	32
32	32	32	32	33

57	57	57	57	58
59	59	58	58	58
59	59	60	60	60
61	61	61	61	60
62	62	62	62	62

56
1
2
3
4
5
6
7
8
9
10
11
12
13
14
15
16
17
18
19
20
21
22
23
24
25
26
27
28
29

34
35
36
37
38
39
40
41
42
43
44
45
46
47
48
49
50
51
52
53
54

55
56
